(15805, (15805, 15806, 6.897163411060243e-05))
(15806, (15806, 15805, 6.897163411060243e-05))
(15807, (15807, 15878, 0.001102203007664373))
(15808, (15808, 15879, 0.000827725394863416))
(15809, (15809, 15889, 0.0007316645489267981))
(15810, (15810, 15888, 0.000690814714318819))
(15811, (15811, 15879, 0.00046634918664000837))
(15812, (15812, 15878, 0.0004907917476673193))
(15813, (15813, 15814, 0.0005562002687203835))
(15814, (15814, 15815, 0.0002313432575695459))
(15815, (15815, 15828, 0.00045150501908892857))
(15818, (15818, 15881, 0.00046377666815189286))
(15819, (15819, 15820, 0.0009363382762269016))
(15820, (15820, 15821, 0.0005498258845760974))
(15821, (15821, 15820, 0.0005498258845760974))
(15822, (15822, -1, -1))
(15823, (15823, 15824, 0.0006092560740053653))
(15824, (15824, -1, -1))
(15825, (15825, 15825, 0.0))
(15827, (15827, 15828, 0.0006940227987505682))
(15828, (15828, 15814, 0.0004143500258547195))
(15830, (15830, 15825, 0.0005297503342899586))
(15831, (15831, 15836, 0.0008411865805243822))
(15834, (15834, 15836, 0.0010834893788342255))
(15836, (15836, 15881, 0.0014951653996565922))
(15841, (15841, -1, -1))
(15842, (15842, 15886, 0.0012655380475740418))
(15843, (15843, 15897, 0.00042112108355459016))
(15844, (15844, 15875, 0.002085002687883019))
(15845, (15845, 15814, 0.001031052499244805))
(15846, (15846, 15824, 0.0013061671155620094))
(15847, (15847, 15821, 0.0014589079180639894))
(15848, (15848, -1, -1))
(15849, (15849, 15876, 0.0033491115709013497))
(15851, (15851, 15836, 0.0038459056923112263))
(15852, (15852, 15853, 0.0009652277979379635))
(15853, (15853, -1, -1))
(15855, (15855, 15856, 0.0006801784611713026))
(15856, (15856, 15897, 0.0012033778524821713))
(15857, (15857, 15899, 0.0013783380474265664))
(15858, (15858, 15879, 0.0015816863877371333))
(15859, (15859, 15897, 0.0006701542916705951))
(15860, (15860, 15886, 0.000828147694842373))
(15861, (15861, 15862, 0.00030163797239636184))
(15862, (15862, 15863, 0.0003040174754841212))
(15863, (15863, 15864, 0.0003104547143711045))
(15864, (15864, 15881, 0.0026602878989580364))
(15865, (15865, 15899, 0.0010818939330747214))
(15866, (15866, 15890, 0.0005587897224756709))
(15867, (15867, 15879, 0.0011415060423223538))
(15868, (15868, 15899, 0.0008409990033312946))
(15869, (15869, 15887, 0.0005495220382072445))
(15871, (15871, 15883, 0.0006439494750079679))
(15873, (15873, 15873, 0.0))
(15875, (15875, 15873, 0.00035318501628641395))
(15876, (15876, -1, -1))
(15877, (15877, 15878, 0.0007503811236117298))
(15878, (15878, 15879, 0.0006008989970230499))
(15879, (15879, 15808, 0.000827725394863416))
(15880, (15880, 15875, 0.0023383599031333016))
(15881, (15881, 15881, 0.0))
(15882, (15882, 15881, 0.0010354137637394382))
(15883, (15883, 15873, 0.00048073799612195116))
(15884, (15884, 15842, 0.001627167504860719))
(15885, (15885, 15886, 0.0003416959330835835))
(15886, (15886, 15887, 0.0004138765660240691))
(15887, (15887, 15875, 0.00048261374817817144))
(15888, (15888, 15889, 0.0002004656605081239))
(15889, (15889, 15890, 0.00020715593116956836))
(15890, (15890, 15883, 0.0011803449983955354))
(15891, (15891, 15876, 0.000803645275482517))
(15892, (15892, 15893, 0.0003603049245254881))
(15893, (15893, 15894, 0.00017654094974614624))
(15894, (15894, 15809, 0.0007764131546336472))
(15896, (15896, 15881, 0.0003002484794397608))
(15897, (15897, 15842, 0.0008208740721624518))
(15898, (15898, 15899, 0.00036394321532847617))
(15899, (15899, -1, -1))
